
%% Results;
% By PH , 2019/7/31

case 1
K = 100, n_r = 33, L = 72, SNR = 1.000000, masked_r = 23, p = 0.964848
------------------------------------------------------------------
 Exp PDM  LS  LUD  alpha  ADMM  IRLS  Eig  MSE       Err_v  Time
  1   Y                                    0.00249  0.27573    0.53
  2       Y         2/3    Y               0.00249  0.27744    5.30
  3            Y           Y               0.00506  0.40997    5.20
  4            Y    2/3    Y               0.00327  0.35735   11.65
  5            Y    2/3           Y        0.00210  0.23576   61.76
  6                                    Y   0.00068  0.12279    1.46
-------------------------------------------------------------------

SNR = 1.000000, p = 0.963434
K = 100, n_r = 33, L = 72,masked_r = 23 
-----------------------------------------
 Exp  Method   MSE        Err_v     Time
  1   PDM     0.02346    0.97011    0.69
  2   LSc     0.02745    1.01383    1.19
  3   LUD     0.00311    0.41745    4.92
  4   LUDc    0.03071    0.92084   10.53
  5   IRLSc   0.02780    0.95911   57.80
  6   eig     0.00098    0.20108    1.48
-------------------------------------------



case 2
SNR = 0.250000 = 1/4, p = 0.721010
K = 100, n_r = 33, L = 72,masked_r = 23 
-----------------------------------------
 Exp  Method   MSE        Err_v     Time
  1   PDM     0.04336    1.28575    0.66
  2   LSc     0.05164    1.27954    4.21
  3   LUD     0.06934    1.32354    1.07
  4   LUDc    0.02333    1.02732    3.71
  5   IRLSc   0.03605    1.01600   63.58
  6   eig     0.01789    1.08273    1.32
-------------------------------------------   
    
    

case3
SNR = 0.062500, p = 0.303838
K = 100, n_r = 33, L = 72,masked_r = 23 
-----------------------------------------
 Exp  Method   MSE        Err_v     Time
  1   PDM     0.78387    2.28263    0.66
  2   LSc     0.64781    2.00455    1.76
  3   LUD     0.55614    2.43913    1.54
  4   LUDc    0.46278    2.33630    2.33
  5   IRLSc   0.31859    1.52025   49.54
  6   eig     0.48193    2.00327    1.15
-------------------------------------------

case 
SNR = 0.250000 =1/4, p = 0.925964
K = 500, n_r = 100, L = 360,masked_r = 43 
-----------------------------------------
 Exp  Method   MSE        Err_v     Time
  1   PDM     0.00375    1.06466   81.80
  2   PDMc    0.00368    1.06466    5.00
  3   LSc     0.00414    1.06480   21.30
  4   LUD     0.00713    1.06297   88.89
  5   LUDc    0.00513    1.06444  135.65
  6   IRLSc   0.00305    1.06502  1226.42
  7   eig     0.00083    1.06522   73.75
-------------------------------------------


case 4
SNR = 0.062500 =1/16, p = 0.509218
K = 500, n_r = 100, L = 360,masked_r = 43 
-----------------------------------------
 Exp  Method   MSE        Err_v     Time
  1   PDM     0.06064    1.04946   88.45
  2   PDMc    0.06054    1.04952    5.10
  3   LSc     0.05675    1.04986  117.49
  4   LUD     0.05781    1.05281   56.60
  5   LUDc    0.03115    1.05644   81.01
  6   IRLSc   0.01575    1.05990  1570.47
  7   eig     0.03442    1.05541   54.24
-------------------------------------------


case 5
SNR = 0.031250=1/32, p = 0.369355
K = 500, n_r = 100, L = 360,masked_r = 43 
-----------------------------------------
 Exp  Method   MSE        Err_v     Time
  1   PDM     0.13625    1.04170   88.04
  2   PDMc    0.13542    1.04178    4.98
  3   LSc     0.10209    1.04298  102.11
  4   LUD     0.14939    1.04477   54.06
  5   LUDc    0.09611    1.04747   60.61
  6   IRLSc   0.01777    1.05850  2000.40
  7   eig     0.08284    1.04827   49.27
-------------------------------------------


case 6 
SNR = 0.015625 = 1/64, p = 0.195872
K = 500, n_r = 100, L = 360,masked_r = 43 
-----------------------------------------
 Exp  Method   MSE        Err_v     Time
  1   PDM     0.71584    1.02951   85.75
  2   PDMc    0.71835    1.02954    4.93
  3   LSc     0.53630    1.03151   45.99
  4   LUD     0.52523    1.03319   52.94
  5   LUDc    0.50460    1.03292   54.61
  6   IRLSc   0.24530    1.04704  1850.57
  7   eig     0.40502    1.03498   46.20
-------------------------------------------


case 7
SNR = 0.031250=1/32, p = 0.385924
K = 500, n_r = 100, L = 360,masked_r = 45 
-----------------------------------------
 Exp  Method   MSE        Err_v     Time
  1   PDM     0.12302    1.04245   85.80
  2   PDMc    0.12220    1.04256    4.91
  3   LSc     0.09534    1.04364   45.35
  4   LUD     0.13636    1.04482   63.63
  5   LUDc    0.08217    1.04867   66.30
  6   IRLSc   0.01434    1.05966  2358.43
  7   eig     0.06480    1.04943   49.89
-------------------------------------------


case 8
SNR = 0.015625=1/64, p = 0.231327
K = 500, n_r = 100, L = 360,masked_r = 45 
-----------------------------------------
 Exp  Method   MSE        Err_v     Time
  1   PDM     0.46809    1.03182   86.88
  2   PDMc    0.46339    1.03193    5.04
  3   LSc     0.30790    1.03431   49.01
  4   LUD     0.37187    1.03553   50.18
  5   LUDc    0.34528    1.03622   53.81
  6   IRLSc   0.09378    1.05328  1882.84
  7   eig     0.24621    1.03815   45.74
-------------------------------------------


case 9
    
SNR = 0.015625, p = 0.252962
K = 500, n_r = 100, L = 360,masked_r = 45 
-----------------------------------------
 Exp  Method   MSE        Err_v     Time
  1   PDM     0.35108    1.03262  208.09
  2   PDMc    0.36643    1.03201  103.50
  3   LSc     0.23571    1.03576  107.41
  4   LUD     0.29208    1.03735  517.52
  5   LUDc    0.24421    1.03865  527.56
  6   IRLSc   0.06697    1.05485  13191.10
  7   eig     0.16819    1.03988   51.47
-------------------------------------------


2019/8/30

SNR = 1/4, p = 0.886667
K = 100, n_r = 100, L = 360,masked_r = 45 
-----------------------------------------
 Exp  Method   MSE        Err_v     Time
  1   PDM     0.01288    0.00000   66.12
  2   PDMc    0.01319    0.00000   22.58
  3   PDMc2   0.01323    0.00000   44.58
  4   LSc     0.01700    0.00000    1.86
  5   LUD     0.02066    0.00000    0.87
  6   LUDc    0.01374    0.00000    9.88
  7   IRLSc   0.01479    0.00000   67.02
-------------------------------------------

SNR = 1/16, p = 0.535960
K = 100, n_r = 100, L = 360,masked_r = 45 
-----------------------------------------
 Exp  Method   MSE        Err_v     Time
  1   PDM     0.08675    0.00000   65.85
  2   PDMc    0.08630    0.00000   25.66
  3   PDMc2   0.08672    0.00000   47.00
  4   LSc     0.08158    0.00000    3.90
  5   LUD     0.08159    0.00000    1.46
  6   LUDc    0.04596    0.00000    2.75
  7   IRLSc   0.03855    0.00000   54.73
-------------------------------------------


SNR = 1/32, p = 0.373737
K = 100, n_r = 100, L = 360,masked_r = 45 
-----------------------------------------
 Exp  Method   MSE        Err_v     Time
  1   PDM     0.26277    0.00000   65.01
  2   PDMc    0.26559    0.00000   26.50
  3   PDMc2   0.26538    0.00000   47.52
  4   LSc     0.17608    0.00000    1.64
  5   LUD     0.23660    0.00000    1.48
  6   LUDc    0.17293    0.00000    2.19
  7   IRLSc   0.07343    0.00000   49.29
-------------------------------------------


SNR = 1/64, p = 0.229697
K = 100, n_r = 100, L = 360,masked_r = 45 
-----------------------------------------
 Exp  Method   MSE        Err_v     Time
  1   PDM     0.58348    0.00000   66.26
  2   PDMc    0.56640    0.00000   26.86
  3   PDMc2   0.57380    0.00000   49.03
  4   LSc     0.49228    0.00000    1.25
  5   LUD     0.47148    0.00000    1.19
  6   LUDc    0.43472    0.00000    1.87
  7   IRLSc   0.11316    0.00000   42.88
-------------------------------------------

%% projection number K =500
SNR = 1/4, p = 0.894685
